100034 380.060404 -7.921316 0.000010 432.945284 -7.402634 13.734225 -0.016721 0.999575
100158 380.342824 -7.843993 -0.000135 432.814998 -7.204432 13.664704 -0.024615 0.999121
100267 380.606315 -7.798043 -0.000086 432.700325 -6.972098 12.822413 -0.079222 0.999865
100377 380.868231 -7.722959 0.000049 432.522281 -6.765110 12.153818 -0.133957 0.998606
100517 381.197971 -7.640272 0.000049 432.436861 -6.675735 12.060634 -0.106295 1.000133
100642 381.473639 -7.559040 -0.000046 432.314333 -6.499878 11.290859 0.047957 0.999617
100768 381.758576 -7.459354 -0.000009 432.204961 -6.364782 11.261659 -0.098974 1.000713
100877 382.047979 -7.406167 0.000055 432.098000 -6.191448 11.049459 -0.123951 1.000389
101002 382.335397 -7.322510 -0.000023 431.980092 -6.045216 10.770135 -0.006148 1.000369
101127 382.631225 -7.274391 0.000031 431.888967 -5.831244 10.630943 -0.117483 0.999960
101237 382.911578 -7.229436 0.000120 431.772771 -5.547331 10.275150 -0.019021 1.000285
101347 383.199497 -7.174733 0.000078 431.675689 -5.580852 9.937477 -0.066717 0.999833
101455 383.524469 -7.120263 -0.000023 431.572670 -5.599300 10.014703 -0.051228 0.999224
101566 383.833664 -7.062645 -0.000051 431.441406 -5.270442 9.294213 -0.026082 0.999347
101674 384.162963 -7.004487 -0.000016 431.334573 -5.206144 9.092204 -0.113453 0.999321
101784 384.472450 -6.941531 0.000026 431.262192 -5.142406 9.093158 -0.098868 0.999877
101908 384.823071 -6.880822 0.000048 431.154277 -5.011178 8.120626 -0.035282 1.000242
102034 385.133285 -6.841044 0.000135 431.134392 -4.853499 8.077275 -0.074294 0.999492
102143 385.410805 -6.796227 0.000046 431.006113 -4.763299 7.951714 -0.138559 1.000859
102252 385.726506 -6.738912 -0.000031 430.891871 -4.345614 7.952903 -0.033562 0.999276
102362 386.057251 -6.681414 -0.000026 430.827756 -4.784151 7.807066 -0.087164 1.001621
102471 386.350228 -6.646811 0.000081 430.821148 -4.218637 6.858020 0.010646 1.000800
102580 386.671744 -6.604770 0.000066 430.768127 -3.924579 6.226497 0.044791 1.000335
102689 386.985506 -6.548971 -0.000008 430.639277 -3.607611 6.208220 -0.059122 1.000810
102799 387.300135 -6.497120 -0.000052 430.645308 -3.904435 6.262233 -0.042207 1.001192
102925 387.638221 -6.468943 -0.000010 430.572100 -3.304718 5.273592 0.013203 1.000658
103050 387.983610 -6.414339 0.000063 430.499471 -3.253510 5.911604 0.039113 1.001050
103158 388.256248 -6.391900 0.000078 430.452048 -3.173059 5.879635 0.145421 0.999734
103283 388.630542 -6.348658 -0.000004 430.377574 -2.971842 5.265991 0.020728 1.000681
103408 388.973094 -6.315671 -0.000011 430.302451 -3.045718 5.961650 0.078857 1.000529
103533 389.303759 -6.270238 -0.000002 430.293747 -2.968055 5.029689 0.025786 1.000045
103659 389.644678 -6.232354 0.000016 430.178578 -2.603410 4.769562 0.025428 1.001558
103784 389.957616 -6.202703 0.000050 430.105342 -2.405083 4.937463 -0.007598 1.000040
103893 390.287999 -6.168292 0.000030 430.089517 -2.123781 4.387703 0.027068 1.001141
104003 390.623163 -6.146756 0.000004 430.061270 -2.165463 4.162235 0.147840 1.001537
104129 390.969997 -6.121893 0.000026 430.018262 -1.892737 4.386869 0.159248 1.001295
104238 391.269347 -6.097468 0.000050 429.959801 -1.916002 4.138261 0.116227 1.002520
104346 391.586817 -6.076962 0.000063 429.942985 -2.010809 4.089343 0.055356 1.002001
104455 391.909470 -6.057443 0.000067 429.914226 -1.869101 3.904228 0.136652 1.001321
104565 392.240727 -6.032612 0.000002 429.888538 -4.492765 5.094480 0.063930 1.002450
104674 392.559820 -5.985812 -0.000056 429.816806 -4.338580 4.971038 0.033654 1.001379
104799 392.934524 -5.916008 -0.000064 429.753432 -1.917361 5.030212 0.117482 1.002707
104905 394.245269 -1.499890 1.350946 439.997984 -3.593372 2.279967 -0.085985 1.001809
148628 394.245269 -1.499890 1.350946 439.997984 -37.492101 42.190759 0.141021 1.000528
148753 394.245939 -1.498715 1.350921 439.998561 -60.643614 106.997613 -179.953623 0.999251
148876 394.205098 -1.685500 1.337049 440.113006 -60.325311 106.978258 -179.961175 1.000400
149002 394.139682 -2.326199 1.309234 440.253870 -60.321646 106.888751 -179.948347 0.999565
149126 394.078392 -2.990613 1.281366 440.411703 -37.283815 17.341891 179.854041 0.999488
149253 394.003968 -3.608244 1.253784 440.542986 -51.829520 -0.111550 -0.135404 0.997602
149378 393.965620 -4.231866 1.226579 440.679040 11.814719 -48.060489 -0.054097 1.001439
149502 393.889593 -4.735315 1.199167 440.851833 7.867266 29.266068 -0.008484 1.001661
149658 393.809491 -5.441908 1.165187 441.111769 -3.390453 25.264799 0.009746 1.000313
149799 393.763479 -6.074934 1.133910 441.346387 11.612819 -17.842513 -0.120375 0.998483
149908 393.709251 -6.537562 1.110097 441.486699 0.426210 62.748338 -0.048296 0.999221
150033 393.663798 -7.032270 1.083515 441.721815 13.077415 30.496433 179.943818 1.001712
150158 393.604859 -7.468357 1.056748 441.904559 -75.640965 101.976628 -179.961939 1.000809
150267 393.575575 -7.899356 1.033067 442.088514 -39.779277 117.540204 -179.983995 1.000037
150377 393.544217 -8.293555 1.009799 442.252044 -107.086618 -117.960416 -0.314334 1.001117
150503 393.490784 -8.759269 0.983052 442.441483 -20.603194 -25.109430 0.006953 1.002035
150613 393.463460 -9.132944 0.959812 442.746751 53.648280 17.328622 -179.903275 0.999989
150720 393.452451 -9.535893 0.937260 442.968280 -72.775466 87.576657 179.997231 0.999666
150830 393.407840 -9.885617 0.914183 443.112452 16.726888 -53.858840 0.196027 0.999476
150939 393.388644 -10.184588 0.891377 443.293732 -86.139655 6.367149 179.940038 1.000471
151065 393.359787 -10.558844 0.864476 443.593898 57.010869 17.189776 -0.025261 1.001267
151190 393.329993 -10.895343 0.837943 443.797239 75.302175 -120.813104 179.925604 1.000133
151315 393.301835 -11.301083 0.811333 444.018543 105.617975 99.146564 -179.948540 1.001580
151441 393.272502 -11.725257 0.784813 444.279105 -8.653382 -32.739202 -179.824419 0.999440
151564 393.240012 -12.033947 0.758556 444.491591 92.451032 -96.440616 0.202353 0.999464
151690 393.235114 -12.369014 0.731877 444.813342 119.664301 -52.126158 179.868093 0.998323
151815 393.202103 -12.734677 0.705511 445.036173 52.457497 -122.657111 179.887397 0.999296
151940 393.185495 -12.973172 0.679543 445.257381 121.628692 86.311534 179.949145 1.000095
152065 393.160371 -13.332177 0.653394 445.493958 -18.284460 37.897192 0.085761 0.999909
152191 393.154285 -13.546498 0.626567 445.684015 63.769971 -64.786296 -0.018495 0.998715
152299 393.140484 -13.701828 0.604149 445.925984 -124.800785 91.009886 0.005761 1.000982
152409 393.140223 -13.962527 0.581548 446.128832 -54.444475 -124.473965 -0.069286 0.998935
152517 393.129772 -14.131192 0.559502 446.283238 84.912535 117.165273 -179.907792 1.001147
152642 393.114139 -14.358556 0.533923 446.459346 77.149779 -58.070335 -179.969704 1.002428
152768 393.128231 -14.561020 0.507437 446.739922 -89.533213 -104.743488 179.986363 1.004943
152893 393.113976 -14.680518 0.481917 446.921806 67.402448 125.348240 -179.928634 1.000542
153003 393.074579 -14.887129 0.459219 447.045689 -94.077965 -90.726266 179.983248 1.001646
153128 393.085023 -15.050059 0.433934 447.249093 121.445786 80.957382 179.857633 1.001724
153253 393.074855 -15.207302 0.408225 447.457154 -54.880307 -11.894384 179.973987 0.999747
153377 393.071614 -15.242356 0.382380 447.579752 69.220283 -120.218485 179.983207 0.999246
153502 393.079469 -15.442242 0.357085 447.775459 -15.908422 16.829493 179.954361 0.999114
153628 393.073926 -15.515328 0.330564 447.888431 -1.686539 -24.903128 -0.006503 1.001430
153752 393.075629 -15.580997 0.305629 448.006662 63.160573 -48.204050 179.992918 0.999891
153861 393.112516 -15.628422 0.283074 448.192827 -47.092288 -49.710362 -179.992078 1.000642
153986 393.094998 -15.742986 0.257562 448.225224 64.168287 -57.089486 -0.202708 0.999846
154112 393.090770 -15.875274 0.232035 448.381436 -44.859094 -5.895470 -179.858972 0.998918
154238 393.066353 -15.915051 0.206584 448.592937 -105.628987 74.094321 179.991382 1.000620
154347 393.038875 -15.861559 0.185048 448.679509 -113.039106 67.741108 0.355408 1.000744
154472 393.037557 -15.829310 0.160414 448.705848 -13.068859 16.161783 179.771836 0.996937
154596 393.038183 -15.761984 0.135426 448.741679 -23.798271 37.681487 -0.216289 1.003344
154720 393.015305 -15.746204 0.110523 448.709702 28.161738 -23.564239 -0.094152 1.002472
154862 393.014252 -15.751527 0.081394 448.769653 -13.253140 77.341869 0.133874 1.001505
154986 392.981675 -15.737890 0.056099 448.711898 113.122867 -80.288324 0.224227 1.000877
155112 392.929801 -16.026354 0.029334 448.826833 -0.898227 -9.141393 -179.814157 0.999887
155237 392.859113 -16.221090 0.002574 448.982392 -21.668536 18.727930 -179.980506 1.000575
155362 392.733057 -16.077103 -0.012757 448.851948 31.527396 -24.240720 -0.068280 1.000877
155487 392.567417 -16.304105 -0.006562 448.988095 -29.503475 53.051915 0.122342 1.001501
155613 392.471320 -16.357434 0.001267 448.903362 -53.580907 96.065248 0.024681 1.000229
155737 392.314753 -15.763230 0.004217 448.102016 -27.695699 54.821782 0.064595 1.001056
155863 392.290016 -15.366932 0.001152 447.295956 101.147101 78.080533 -179.892918 1.002377
155986 392.205039 -15.810498 0.000604 446.442798 -28.070488 52.040802 0.178681 1.002660
156097 392.130839 -15.901866 -0.000232 445.895101 -29.979868 55.665439 0.098172 1.003311
156205 392.009268 -15.871929 -0.000727 445.292586 -25.815021 46.944023 0.061114 1.002643
156315 391.933933 -15.683406 -0.001456 444.749083 -27.014488 45.984118 0.155387 1.002273
156441 391.857227 -15.228942 -0.000633 444.284840 -26.946059 44.017815 0.077863 1.003485
156549 391.804366 -14.951792 0.000762 443.879050 -28.824807 42.223325 0.172209 1.002542
156658 391.731663 -14.646566 0.000426 443.441914 -28.179050 44.601911 0.077389 1.001663
156767 391.693178 -14.338767 0.000163 442.966937 -25.913699 39.525181 0.093690 1.001926
156877 391.664033 -14.013238 -0.000072 442.649259 -25.878191 40.133329 0.045153 1.003394
156988 391.642741 -13.808923 -0.000020 442.179649 -26.332693 41.305741 0.031652 1.002456
157096 391.636244 -13.517086 0.000038 441.814193 -109.790410 64.498166 -179.889370 1.003116
157206 391.684214 -12.698932 0.000436 441.238681 -23.942324 36.684888 0.105623 1.001636
157315 391.747591 -12.243534 -0.000229 440.780472 -20.145141 34.815072 0.036008 1.003021
157423 391.790021 -11.985945 -0.000432 440.472162 -18.149990 34.128128 0.090641 1.001650
157534 391.879593 -11.818709 -0.000193 440.094943 -19.761343 32.153976 0.086253 1.002401
157643 391.985677 -11.628066 0.000149 439.735945 -15.938125 30.042883 -0.007516 1.003660
157769 392.047807 -11.450650 0.000169 439.455371 -15.403455 28.832606 0.045662 1.002644
157877 392.131889 -11.275908 -0.000076 439.196488 -14.834617 27.931055 0.071241 1.001426
157988 392.251237 -11.120765 -0.000020 438.889123 -14.783985 30.108822 0.050040 1.002887
158113 392.368099 -10.959471 -0.000020 438.591295 -13.979012 28.165217 0.087262 1.000010
158221 392.489493 -10.865471 0.000134 438.288430 -16.045964 25.968457 0.095874 1.002539
158331 392.597100 -10.734672 0.000061 438.032930 -44.282137 57.123210 0.022956 1.002561
158440 392.785781 -10.349987 0.000143 437.542133 -13.294422 26.795896 0.007819 1.001918
158548 392.929289 -10.119981 -0.000126 437.182106 -15.053559 23.241833 0.150990 1.002363
158659 393.041489 -9.958841 -0.000150 436.917669 -12.237273 22.854175 0.051335 1.002149
158784 393.190599 -9.787890 -0.000003 436.592953 -11.084602 23.085827 0.102791 1.000199
158892 393.392614 -9.716767 0.000146 436.341197 -14.723740 24.782636 0.059812 1.000183
159003 393.596173 -9.613567 0.000041 436.161321 -9.606980 18.794832 0.083447 1.001802
159111 393.786132 -9.511770 -0.000148 435.991363 -10.259678 20.773201 0.146746 1.001265
159221 393.968339 -9.417346 -0.000049 435.787593 -10.147494 20.711165 0.127936 1.001920
159332 394.158921 -9.278286 -0.000013 435.598451 -12.166844 17.195695 0.061458 1.001513
159440 394.343065 -9.132007 0.000043 435.501839 96.636599 -64.125768 0.044927 1.000715
159549 394.539389 -9.597934 0.000863 435.963306 -9.123105 19.674219 0.077760 1.001022
159659 394.679426 -9.800283 0.000032 436.057894 -11.959397 18.873503 0.064773 0.999869
159767 394.890309 -9.855364 -0.000348 435.872543 -9.771290 18.105413 0.073881 1.002082
159878 395.101863 -9.845163 -0.000434 435.623402 -10.292903 19.896660 0.026579 1.001529
160018 395.317135 -9.834583 -0.000332 435.341924 -11.052669 21.791600 0.004367 1.000330
160143 395.495952 -9.799687 -0.000255 435.103911 -14.370524 19.771196 -0.013533 1.001028
160251 395.681556 -9.596767 -0.000173 434.870018 -9.930887 15.117558 0.090217 0.999008
160362 395.875584 -9.423727 0.000011 434.708424 -9.984205 14.870905 0.026928 1.000394
160471 396.047927 -9.283401 0.000412 434.607781 -13.377052 16.248119 0.058750 0.999382
160580 396.248898 -9.114658 0.000715 434.483348 -7.905345 12.785063 0.021728 1.000615
160689 396.460338 -9.030231 0.000130 434.344665 -7.869808 12.762705 0.050337 0.999924
160798 396.671336 -8.965082 -0.000197 434.240935 -7.222340 12.834418 0.021520 0.999435
160924 396.916280 -8.886128 -0.000191 434.099340 -7.145805 12.727309 -0.060837 0.999625
161049 397.160688 -8.817360 -0.000028 433.990214 -6.869309 10.628602 0.050622 1.000774
161159 397.369957 -8.760084 0.000080 433.841335 -6.874730 12.029056 -0.056530 1.000421
161284 397.580732 -8.682188 0.000021 433.716802 -8.174149 15.740135 0.126996 1.000380
161408 397.817150 -8.601639 -0.000024 433.578810 -8.086772 15.216090 -0.068115 1.000405
161517 398.056662 -8.510755 -0.000047 433.438764 -8.100816 14.819469 0.034379 1.000474
161628 398.276924 -8.441167 0.000091 433.266666 -6.543223 10.845377 0.062631 1.001198
161736 398.506476 -8.390652 0.000135 433.141718 -6.130476 10.551984 0.056449 1.000272
161846 398.756275 -8.324295 -0.000045 433.072256 -5.888745 10.058752 0.036983 1.001165
161957 398.989685 -8.253781 -0.000099 432.984558 -5.915735 9.799333 0.051077 1.000517
162064 399.200816 -8.188102 -0.000045 432.892788 -5.597546 9.100830 0.043924 1.001000
162174 399.493184 -8.113678 -0.000055 432.740252 -5.625082 8.846078 0.034802 0.999901
162300 399.751482 -8.021689 0.000007 432.654461 -5.361527 9.012411 0.091730 0.999717
162425 399.993590 -7.970205 0.000080 432.634447 -5.028575 8.034611 0.037994 1.000950
162533 400.257192 -7.941640 0.000143 432.576132 -4.183683 5.930453 0.040264 1.000802
162643 400.492875 -7.894488 0.000062 432.496567 -4.474563 7.962533 0.136966 1.001924
162753 400.729482 -7.859391 0.000035 432.359505 61.753025 2.071799 0.087542 0.999888
162878 401.000954 -8.056603 0.000260 432.364123 -3.798323 11.793465 0.137342 1.001806
163003 401.237014 -8.318544 0.000306 432.215049 -6.325856 10.723863 0.038987 1.001433
163112 401.479581 -8.320540 -0.000171 432.144456 81.112684 -43.543013 179.951320 1.000311
163222 401.666032 -8.924663 -0.000208 432.590855 -6.751198 6.959815 0.012670 1.002146
163346 401.882640 -9.078238 0.000004 432.559872 103.363618 -80.633799 0.071188 1.002421
163456 402.115461 -9.860863 -0.000193 432.960278 -6.913334 8.958504 0.009499 1.002596
163564 402.233917 -10.107815 0.000039 433.171789 46.043745 -6.334284 -0.056339 1.001994
163675 402.320485 -10.525247 0.000273 433.383487 -3.942138 5.776513 -179.962170 1.002536
163783 402.428069 -10.564427 0.000132 433.414082 -10.253798 9.904844 -0.083149 1.001255
163909 402.614506 -10.554393 0.000008 433.159740 -18.079998 13.191745 -0.090823 1.002036
164017 402.756900 -10.510904 -0.000264 432.996010 -50.265913 40.148754 179.866860 1.002327
164128 402.973077 -9.903684 -0.001173 432.544719 -11.379241 9.820536 0.064289 1.001569
164237 403.105341 -9.583189 0.000037 432.393491 -11.654258 8.743964 0.008172 1.001298
164361 403.269756 -9.503874 0.000934 432.346443 -7.975713 6.791351 -0.076285 1.001615
164487 403.449642 -9.429201 0.000381 432.321708 -14.447239 8.875775 -0.124493 1.000594
164598 403.633042 -9.303261 -0.000053 432.256490 -14.520787 9.234546 0.001424 1.000965
164722 403.827374 -9.077850 -0.000171 432.150550 -14.866995 9.332595 -0.007657 1.001635
164831 404.023230 -8.951356 0.000058 432.044568 -14.537910 9.365654 -0.079837 1.001337
164940 404.233676 -8.821391 0.000144 431.996064 -14.125975 9.285986 -0.043305 0.999782
165065 404.458508 -8.685151 0.000099 431.919893 -13.830680 8.614668 0.031928 0.999616
165221 404.711271 -8.522837 -0.000019 431.752194 -6.556053 5.476989 0.066546 0.999353
165346 404.933499 -8.464266 -0.000037 431.757607 -6.200728 5.529162 -0.015488 0.999724
165470 405.175181 -8.415099 0.000103 431.696053 51.301725 17.464148 0.081524 1.000457
165596 405.413471 -8.502624 0.000328 431.485114 -12.675557 8.220342 0.116355 1.002355
165737 405.638706 -8.664998 0.000298 431.447026 -12.680940 8.001097 0.006840 1.000319
165877 405.870458 -8.672668 0.000184 431.379478 -60.666943 90.858204 -179.889604 1.000943
166003 406.173666 -8.494443 -0.000846 430.581915 -13.814129 7.322810 0.137372 1.001123
166128 406.360764 -8.023789 -0.001393 430.291627 -6.511207 3.429942 0.071152 1.000125
166237 406.570085 -7.824573 -0.000426 430.292937 60.744301 -11.097721 0.040510 0.998407
166346 406.814578 -7.918264 0.000935 430.482531 -3.912940 -0.119712 0.056107 0.999795
166455 407.058611 -8.203067 0.001226 430.466740 -94.382601 65.491968 -179.903800 0.998614
166580 407.426206 -7.808738 -0.000586 429.762083 -11.084029 5.240578 0.067155 1.000749
166707 407.699020 -7.443188 -0.000025 429.635440 -9.017097 6.686815 0.022098 0.999409
166830 407.935831 -7.300226 -0.000034 429.646070 56.159718 37.985820 0.039036 1.000265
166957 408.217296 -7.379854 0.000111 429.251495 -10.311692 1.569433 0.077585 1.000286
167066 408.483077 -7.511925 0.000158 429.265593 96.843123 -112.893038 0.074685 0.999206
167190 408.811858 -8.471217 -0.000111 430.164730 43.874479 35.354739 0.087756 1.000926
167315 408.901000 -9.034751 -0.000026 430.279113 -78.877394 38.642260 -179.914302 0.999519
167440 409.148703 -8.766455 -0.000671 429.863083 -65.996226 -125.420016 -179.885014 0.997799
167565 409.553478 -7.903329 -0.000330 430.538080 2.866683 -40.872133 -179.878284 1.000507
167690 409.799907 -7.680333 -0.000228 431.188575 7.172882 -36.567976 0.166337 0.999452
167815 410.022319 -7.672594 0.000057 431.559020 4.485404 86.474882 0.290334 1.000026
167939 410.214409 -7.678128 0.000113 431.154437 -2.518490 76.757683 -179.809448 0.999812
168049 410.513780 -7.679807 0.000074 430.295322 -1.963441 -0.029321 0.316853 0.999542
168175 410.804226 -7.678586 0.000045 430.089410 -2.618952 2.286790 0.174660 1.000289
168299 411.080421 -7.671267 -0.000030 430.054310 -2.212792 -5.447741 0.245536 0.998996
168408 411.341131 -7.659105 -0.000121 430.192125 -23.033298 -11.902407 -179.799488 1.000467
168534 411.611041 -7.452737 -0.000255 430.268651 -1.949911 -4.691371 0.266075 0.999524
168659 411.914250 -7.381917 -0.000039 430.365055 52.454678 -71.466156 0.098080 0.999960
168783 412.232180 -7.442997 0.000201 430.871139 25.012327 -30.937268 0.311905 1.001188
168909 412.448694 -8.001677 0.000588 431.217840 -2.807708 7.065839 0.117122 1.000887
169034 412.675307 -8.080259 -0.000143 431.344612 -22.010059 -25.231929 -179.746704 1.001238
169159 412.946251 -8.056459 -0.000362 431.487439 102.567395 -81.091875 0.312917 1.001616
169268 413.249193 -8.493012 -0.000768 432.011184 101.233925 10.778815 0.324863 1.002333
169377 413.331063 -9.627086 -0.000176 432.257694 23.269640 48.919803 0.234032 1.000487
169503 413.542617 -10.134040 0.000303 431.756528 -21.668160 55.157914 -179.786351 1.001565
169627 413.769415 -10.143346 0.000255 431.111826 68.174562 -109.393372 0.332451 1.001974
169738 413.929346 -10.316840 -0.000164 431.752027 77.795456 -76.862417 0.197873 1.001239
169862 414.018488 -11.254587 -0.000346 432.771185 -110.170587 83.711458 -179.817152 1.003731
169986 414.083942 -10.694504 -0.001156 432.717851 -52.185567 52.140647 -179.988317 1.003054
170112 414.261396 -9.914612 0.000415 431.948833 105.365999 -83.454123 0.188144 1.003891
170237 414.308252 -10.352735 0.001025 432.074041 120.523718 -82.370427 -179.755695 1.002619
170377 414.409496 -11.841744 -0.000313 433.048261 -36.395559 19.111697 0.089630 1.003334
170518 414.472480 -11.835578 -0.000430 433.177802 -94.903172 63.230722 -179.873993 1.001780
170643 414.605682 -10.905663 -0.001168 432.904210 53.533136 -123.943019 0.219402 1.004015
170768 414.754175 -10.836524 -0.000600 433.367120 -12.014832 -29.194296 0.197437 1.002178
170894 414.867583 -10.876206 0.000063 433.905413 -22.088963 11.061441 0.175078 1.002446
171019 414.907976 -10.976426 0.001183 434.022285 -44.069449 9.871004 -179.820173 1.002976
171143 414.957603 -10.723896 0.001237 434.031906 18.220760 26.229843 -179.888437 1.001735
171268 415.127538 -10.632674 -0.000255 433.712962 -126.151349 75.831321 -179.913998 1.001847
171393 415.406327 -9.507723 -0.001242 433.053144 128.681100 99.859033 -179.830493 1.003245
171502 415.602918 -9.891230 -0.000022 432.107113 -8.405808 -19.966760 -179.752081 1.000539
171627 415.671512 -10.365306 -0.000396 431.914644 -124.336792 81.838859 -179.714214 1.002890
171753 415.902908 -9.670959 -0.001316 431.336582 -0.121985 -0.205785 -179.710616 1.002261
171877 416.027042 -9.355552 -0.000124 431.090625 54.084496 13.155930 0.287601 1.001057
172003 416.177357 -9.397120 0.000295 431.026290 -59.726392 63.670158 -179.745156 1.001564
172127 416.397920 -9.373897 0.000016 430.467042 -11.280466 -10.261822 0.136514 1.002325
172252 416.554777 -9.159542 -0.000124 430.541134 57.589022 11.505272 0.169648 1.002256
172377 416.746954 -9.251388 0.000231 430.465053 91.913213 59.730047 -179.794244 1.003011
172503 416.935602 -10.236379 0.000098 429.893401 1.062691 35.906066 0.239188 1.001101
