-361 410.000425 9.998424 1.541713 409.996340 0.000000 0.000000 0.000000 0.000000
26953 410.000425 9.998424 1.541713 409.996340 -96.479729 -58.021473 1.532894 1.027829
27109 410.000398 9.998875 1.541712 409.996800 -96.338892 -58.087457 1.534592 1.029826
27265 410.000259 9.999560 1.522399 409.997205 -96.513057 -58.045985 1.532875 1.028237
27468 409.999345 10.001474 1.479730 410.000294 -96.479524 -58.025151 1.533439 1.028234
27608 409.997967 10.004898 1.450733 410.003000 -95.708273 -56.721206 1.519481 1.028692
27749 409.995778 10.009545 1.422161 410.009844 -94.768661 -52.110468 1.476816 1.028495
27890 409.992774 10.018591 1.393107 410.018566 -93.601066 -49.279875 1.448214 1.027990
28030 409.986598 10.032087 1.364664 410.037185 -92.885042 -46.210336 1.421679 1.028499
28171 409.981640 10.050425 1.335688 410.049379 -91.331588 -43.036108 1.387500 1.028583
28311 409.975081 10.083919 1.307302 410.066930 -90.391402 -40.050770 1.359450 1.028934
28453 409.966383 10.132073 1.278119 410.085485 -88.959465 -37.567450 1.333042 1.028547
28594 409.956672 10.187262 1.249673 410.102021 -87.818748 -34.570769 1.305678 1.029269
28734 409.948713 10.226843 1.221369 410.108756 -86.618427 -32.107320 1.277440 1.028238
28875 409.936938 10.246277 1.192949 410.129145 -84.842374 -29.542240 1.251266 1.029145
29030 409.928930 10.262658 1.161137 410.131795 -82.947383 -26.545719 1.217733 1.029170
29186 409.920454 10.284657 1.129007 410.134460 -81.321166 -23.853991 1.190676 1.028982
29327 409.911426 10.302346 1.100369 410.145141 -79.767409 -21.000737 1.156790 1.029008
29484 409.900878 10.314398 1.068005 410.155739 -77.385619 -18.053701 1.122479 1.028809
29656 409.893534 10.332143 1.034605 410.157415 -76.179965 -16.344286 1.102050 1.029485
29828 409.885667 10.365424 0.999474 410.159344 -73.665166 -13.281092 1.067819 1.030024
29983 409.873845 10.399013 0.967406 410.172902 -71.870868 -10.629519 1.035117 1.029646
30140 409.864601 10.429400 0.935362 410.179136 -69.090476 -7.926264 1.001086 1.030281
30280 409.857888 10.444055 0.906773 410.181700 -66.417662 -5.403267 0.967110 1.030116
30421 409.850449 10.465139 0.877938 410.189568 -63.761015 -2.406099 0.932707 1.030525
30562 409.833061 10.486672 0.849527 410.167333 -61.810343 -0.763932 0.905818 1.030798
30718 409.824548 10.511708 0.817450 410.174138 -59.479248 1.395768 0.877709 1.030857
30858 409.817118 10.525182 0.788868 410.186904 -57.307973 2.927437 0.850910 1.030303
30999 409.809641 10.544811 0.760165 410.190537 -54.146652 5.589483 0.816233 1.031241
31155 409.793161 10.566880 0.728363 410.182282 -52.130558 7.230937 0.788678 1.030597
31297 409.777643 10.589280 0.699279 410.164436 -49.456151 8.943273 0.762376 1.031466
31453 409.769325 10.607503 0.667463 410.165293 -46.563469 10.671411 0.728050 1.030575
31639 409.749163 10.629655 0.628685 410.156277 -43.540795 12.273748 0.701251 1.033029
31829 409.730039 10.659260 0.589396 410.144274 -40.829829 13.946536 0.666223 1.032764
31984 409.712651 10.685107 0.557311 410.138462 -36.801685 15.983850 0.624623 1.032384
32140 409.697112 10.708164 0.525657 410.137489 -33.230593 17.191245 0.590248 1.032214
32296 409.677393 10.733740 0.493626 410.128103 -29.474362 19.331793 0.547808 1.033055
32453 409.656836 10.754366 0.461337 410.112018 -27.365490 19.926730 0.529129 1.033304
32608 409.637410 10.771766 0.429381 410.106680 -23.995379 21.174658 0.493374 1.032528
32764 409.614618 10.787591 0.397348 410.082830 -20.958857 21.815204 0.467513 1.033619
32922 409.590039 10.793774 0.365123 410.060731 -17.666056 23.378347 0.432557 1.034463
33077 409.557341 10.807258 0.333059 410.055958 -14.024832 24.123804 0.398774 1.034464
33234 409.529223 10.826458 0.300763 410.021200 -10.754546 24.743709 0.363786 1.034232
33406 409.488832 10.847432 0.265371 410.008915 -7.684032 25.222472 0.336622 1.035361
33577 409.446616 10.862994 0.230216 409.955956 -4.452535 25.904832 0.301315 1.034772
33749 409.397669 10.877369 0.194331 409.915451 -0.745107 26.395132 0.267779 1.035329
33906 409.347496 10.882097 0.162167 409.882122 2.650836 26.176580 0.233326 1.035399
34048 409.293319 10.883178 0.132951 409.844304 6.472387 26.671093 0.198399 1.035477
34203 409.218054 10.879526 0.101144 409.779928 9.622321 26.479762 0.164737 1.036754
34344 409.124522 10.873163 0.072350 409.708414 12.595756 26.729788 0.137191 1.035415
34483 409.018285 10.863692 0.044187 409.643083 16.807233 25.858854 0.095833 1.035558
34625 408.808638 10.841201 0.015570 409.479195 19.094242 26.318025 0.075475 1.035399
34765 408.398529 10.739453 -0.008791 409.189026 21.696730 25.421902 0.048641 1.036064
34906 408.036922 10.401435 -0.006961 408.825051 24.425778 24.573169 0.022685 1.035107
35046 407.705302 10.065222 0.000563 408.712167 26.469565 23.339825 -0.003887 1.034311
35202 407.355642 9.754575 0.001595 408.403672 25.635453 21.842746 -0.007273 1.031913
35342 407.056549 9.432385 0.000242 408.218848 24.255192 22.487979 0.000331 1.030329
35498 406.748499 9.210164 -0.000390 408.028076 23.480454 21.235131 0.001426 1.029507
35655 406.483642 8.992944 -0.000300 407.780187 22.812582 20.828953 0.000205 1.028111
35796 406.190468 8.767651 0.000089 407.614598 22.285009 20.535936 0.000245 1.026505
35936 405.969610 8.568420 0.000075 407.422836 21.984701 19.439574 -0.001577 1.024125
36093 405.711784 8.327161 0.000002 407.123378 21.486675 19.252005 0.000499 1.024954
36233 405.466059 8.132584 0.000064 406.954246 21.259676 19.129154 0.000104 1.023885
36389 405.214661 7.951233 -0.000279 406.808775 20.563254 17.856615 0.000531 1.022388
36547 405.004952 7.729468 0.000171 406.609372 20.058373 17.609147 0.000504 1.022173
36702 404.779724 7.444266 0.000196 406.464256 19.976780 17.433540 0.000830 1.021769
36874 404.557276 7.277574 0.000107 406.287977 19.382048 16.824019 0.000646 1.020315
37030 404.368271 7.108127 -0.000017 406.117630 18.234532 16.267036 0.000417 1.019137
37171 404.180932 6.915384 -0.000261 405.959858 17.789974 15.959056 0.000838 1.018261
37327 404.004585 6.741517 0.000153 405.772100 17.390669 15.535696 0.000369 1.017496
37470 403.838667 6.600165 0.000032 405.577090 16.995891 15.180270 -0.000273 1.016668
37624 403.668758 6.385003 0.000041 405.412498 16.583983 14.551933 0.000946 1.016223
37780 403.502603 6.203080 0.000091 405.311815 16.235911 14.033623 0.001085 1.015799
37937 403.344890 6.076707 -0.000207 405.177476 15.610632 13.428102 0.000727 1.015129
38092 403.206539 5.931130 -0.000107 405.043972 14.939668 13.314243 0.000943 1.014352
38248 403.071702 5.784229 0.000212 404.914477 14.854138 13.113013 0.000093 1.013658
38405 402.920558 5.653761 0.000094 404.751182 14.504443 12.706100 0.000321 1.013379
38547 402.784422 5.476309 -0.000087 404.608086 14.069568 12.423520 0.000777 1.012766
38702 402.670807 5.323082 -0.000026 404.539096 13.745052 11.855474 0.000965 1.012732
38858 402.528233 5.171172 -0.000089 404.390982 13.291399 11.332413 0.000117 1.011562
39031 402.412795 5.060319 0.000001 404.270868 12.835170 11.436039 0.001044 1.011442
39187 402.309209 4.918037 0.000076 404.166761 12.488319 10.904085 0.000840 1.010282
39343 402.214768 4.806416 -0.000079 404.069779 12.272790 10.643845 0.000955 1.010344
39499 402.113488 4.706773 -0.000026 403.990399 11.764897 10.260343 0.000828 1.009903
39655 402.002686 4.588633 -0.000029 403.843584 11.603053 10.040069 0.000542 1.009161
39812 401.910938 4.453546 0.000142 403.751166 11.440275 9.933876 0.000564 1.008802
39968 401.835073 4.321138 -0.000030 403.654534 11.200491 9.231044 0.000891 1.008402
40124 401.751035 4.210407 -0.000047 403.568481 10.740834 9.018455 0.000297 1.007791
40281 401.666328 4.105918 -0.000007 403.471816 10.420994 8.772724 0.000491 1.007238
40437 401.599185 4.012452 0.000008 403.398343 10.143834 8.634640 0.000672 1.007645
40593 401.521246 3.899696 0.000070 403.296879 9.931668 8.309073 0.000737 1.007305
40749 401.456852 3.799886 0.000060 403.237345 9.703005 8.198165 0.000647 1.006627
40906 401.391893 3.686331 -0.000060 403.155302 9.414833 7.748152 0.000631 1.006548
41062 401.323562 3.589549 -0.000035 403.057138 9.093361 7.663477 0.000752 1.006533
41217 401.251946 3.524520 -0.000087 402.969130 8.805097 7.451843 0.000496 1.006082
41375 401.193322 3.435860 0.000070 402.898681 8.551496 7.117798 0.000564 1.005460
41531 401.140608 3.371874 0.000113 402.835104 8.603958 6.771772 0.000797 1.005159
41687 401.088984 3.266552 -0.000106 402.759127 8.404262 6.622276 0.000796 1.004959
41858 401.037061 3.170825 0.000012 402.696521 8.191039 6.481112 0.000757 1.005042
42139 400.981862 3.053438 -0.000020 402.642540 7.887529 6.302980 0.000524 1.005283
42328 400.936161 3.017560 0.000053 402.572545 7.628561 6.140544 0.000743 1.004327
42484 400.895537 2.939429 0.000022 402.518365 7.316568 6.197307 0.000829 1.004298
42640 400.850191 2.859884 -0.000001 402.447526 7.266716 5.963967 0.000851 1.004078
42796 400.804431 2.787516 -0.000132 402.385383 7.056214 5.785312 0.000796 1.004144
42953 400.765228 2.728226 0.000010 402.320732 6.843311 5.583641 0.000783 1.004354
43125 400.721111 2.662085 0.000024 402.269540 6.747627 5.451157 0.000528 1.004098
43297 400.680289 2.604131 0.000020 402.217726 6.618796 5.193769 0.000914 1.003520
43452 400.646477 2.547903 0.000081 402.172455 6.499806 4.985282 0.000378 1.003191
43608 400.614775 2.479898 0.000028 402.121569 6.405975 4.922471 0.000603 1.003161
43765 400.585891 2.401542 0.000017 402.076495 6.243277 4.830379 0.000961 1.003043
43921 400.556439 2.338998 -0.000025 402.024631 6.020565 4.654249 0.000981 1.003171
44077 400.528412 2.257863 0.000064 401.982808 5.825604 4.570352 0.000695 1.003183
44233 400.490623 2.211857 -0.000067 401.922634 5.673024 4.388924 0.000708 1.002923
44390 400.456076 2.161142 -0.000029 401.866949 5.394894 4.282240 0.000670 1.002786
44546 400.435761 2.098289 -0.000034 401.853688 5.315024 4.160564 0.000666 1.002810
44703 400.400000 2.048174 0.000019 401.801238 5.270653 3.916767 0.000507 1.002228
44860 400.385634 1.987887 0.000034 401.785598 5.030701 3.997687 0.000230 1.002599
45015 400.347930 1.944285 0.000007 401.716134 4.910572 3.899240 0.000918 1.002393
45170 400.330420 1.888206 -0.000033 401.688663 4.695442 3.925053 0.000815 1.002331
45328 400.308365 1.850439 0.000043 401.650337 4.583440 3.676006 0.000832 1.002191
45483 400.290608 1.798520 -0.000071 401.621820 4.458443 3.639395 0.000418 1.001917
45639 400.266594 1.756325 -0.000035 401.579489 4.311067 3.499006 0.000711 1.002061
45796 400.248078 1.707796 0.000006 401.545168 4.191823 3.481335 0.000447 1.001984
45952 400.234542 1.639152 0.000073 401.523010 4.106171 3.373380 0.000515 1.002039
46109 400.199250 1.611003 -0.000056 401.454890 4.002177 3.233580 0.000774 1.001818
46265 400.186975 1.578496 0.000025 401.438266 3.709209 3.188396 0.000638 1.001408
46422 400.167976 1.557124 -0.000063 401.401869 3.670861 3.009332 0.000856 1.001156
46578 400.161789 1.520379 0.000039 401.399072 3.608467 2.976305 0.000738 1.001130
46734 400.154188 1.495455 0.000050 401.387185 3.669847 2.792314 0.000748 1.001335
46890 400.121531 1.464893 -0.000032 401.318146 3.580773 2.894780 0.000729 1.001417
47046 400.113751 1.421647 0.000052 401.310998 3.532443 2.942553 0.000936 1.001220
47202 400.102792 1.398617 0.000056 401.289047 3.473722 2.600516 0.001006 1.001569
47390 400.089106 1.353229 -0.000032 401.264570 3.281213 2.674148 0.000655 1.001489
47546 400.076992 1.324578 -0.000074 401.240049 3.291030 2.640715 0.000682 1.000801
47702 400.063963 1.291969 0.000033 401.210074 3.169778 2.483012 0.000065 1.000659
47859 400.057008 1.250890 0.000017 401.188829 3.132757 2.517473 0.000418 1.000878
48015 400.050748 1.217847 0.000016 401.156256 3.001324 2.407319 0.000633 1.000581
48170 400.045106 1.176550 -0.000028 401.129261 2.916163 2.432098 0.000821 1.000940
48327 400.038968 1.151092 0.000003 401.108352 2.826781 2.275270 0.000247 1.000558
48483 400.033729 1.113839 0.000027 401.087854 2.662749 2.211035 0.000454 1.000824
48640 400.022168 1.075201 -0.000026 401.053890 2.619941 2.200801 0.000500 1.000783
48795 400.018114 1.048075 -0.000041 401.029706 2.503263 2.136177 0.000759 1.000359
48953 400.011990 1.030860 0.000020 401.000603 2.330121 2.020533 0.000505 1.000514
49109 400.010017 1.001131 0.000052 400.982093 2.292354 1.975547 0.000649 1.000610
49265 400.007691 0.979734 -0.000043 400.968169 2.282436 1.850695 0.000753 1.000644
49422 400.003742 0.966598 -0.000069 400.948209 2.173787 1.779290 0.000796 1.000382
49577 399.997818 0.946202 0.000005 400.925132 2.153942 1.756706 0.000391 1.000526
49733 399.995113 0.914458 0.000113 400.905386 2.165586 1.726172 0.000617 1.000449
49890 399.987823 0.890420 0.000066 400.878828 2.081038 1.694543 0.000832 1.000289
50047 399.986027 0.875096 -0.000119 400.867779 1.948750 1.570877 0.000622 1.000048
50201 399.985755 0.858380 -0.000126 400.857819 1.883290 1.484266 0.001024 1.000413
50359 399.984877 0.842591 0.000030 400.839634 1.943273 1.457155 0.000259 1.000563
