110278 410.000040 9.999004 -0.000004 410.001863 984.512390 1057.489014 0.000029 -1.444494
110449 409.999998 9.999003 -0.000004 410.001394 974.327942 1063.251831 0.000025 -1.673862
110623 409.823065 9.150208 0.000159 409.125552 974.244019 1070.548950 0.000016 -1.653870
110795 409.669478 8.131687 -0.000556 408.054643 983.797363 1067.567505 -0.000009 -1.622754
110966 409.509878 7.074103 0.000234 406.853023 882.424744 953.555542 0.000043 -1.485586
111139 409.348121 6.196867 0.000218 405.833765 787.137146 861.739929 -0.000040 -1.433229
111311 409.219498 5.450316 0.000138 404.969398 674.420288 716.343933 -0.000000 -1.417395
111482 409.069098 4.772725 -0.000305 404.285585 587.254517 611.147522 -0.000039 -1.416930
111637 408.933685 4.148466 -0.000112 403.652685 506.639771 517.997375 0.000031 -1.494258
111811 408.791595 3.601731 0.000284 403.182174 445.235535 439.131958 -0.000036 -1.320685
111982 408.655550 3.163893 -0.000169 402.710616 378.964752 356.917419 0.000008 -1.265799
112153 408.532069 2.768647 0.000053 402.369341 301.046814 315.821075 -0.000024 -1.198392
112325 408.394699 2.523037 0.000116 402.019179 276.488892 267.572357 -0.000015 -1.265150
112496 408.288585 2.237458 0.000065 401.786107 229.916656 235.521286 -0.000022 -1.235400
112669 408.170449 1.993434 -0.000048 401.559726 211.651169 188.673126 -0.000001 -1.252340
112842 408.040376 1.769202 -0.000005 401.327349 183.103775 172.497147 -0.000059 -1.252259
113013 407.913279 1.582098 -0.000049 401.095503 157.630981 146.299423 -0.000020 -1.178691
113184 407.807845 1.468339 0.000032 400.904549 121.779404 116.353027 0.000031 -1.133821
113356 407.692790 1.364973 0.000025 400.751021 116.499901 88.036133 -0.000054 -1.150240
113528 407.570702 1.247296 -0.000022 400.661984 98.856209 67.460068 0.000049 -1.235278
113699 407.458105 1.085308 -0.000027 400.682333 84.081970 48.624477 0.000018 -1.442351
113856 407.307042 0.980723 -0.000041 400.696874 86.613312 26.362146 -0.000043 -1.062179
114012 407.189069 0.906797 -0.000014 400.678462 70.861366 27.390888 0.000034 -0.845786
114216 407.091639 0.843538 -0.000115 400.626885 49.335266 50.717606 0.000017 -1.124920
114389 406.988833 0.810526 0.000018 400.604645 54.367970 54.660118 0.000009 -0.959786
114560 406.891114 0.768794 0.000025 400.557486 42.162403 46.606037 -0.000014 -1.129605
114731 406.770170 0.703955 0.000069 400.490048 37.593010 46.369640 -0.000037 -1.103845
114903 406.662792 0.667867 0.000089 400.442031 37.110378 38.645885 0.000005 -1.031802
115075 406.560831 0.634215 -0.000038 400.431453 29.907850 24.986256 0.000003 -0.921194
115232 406.461452 0.610842 -0.000057 400.416000 23.623739 22.698195 -0.000043 -0.957983
115403 406.368794 0.585356 0.000041 400.376318 22.297853 23.267733 -0.000032 -0.896312
115574 406.288223 0.557663 0.000001 400.331800 24.958536 23.513020 -0.000009 -0.969174
115748 406.196244 0.531309 0.000023 400.311375 29.556137 17.307501 -0.000052 -0.828366
115918 406.108124 0.506957 0.000054 400.301470 20.810886 23.591446 -0.000024 -1.008777
116092 405.994097 0.481416 -0.000027 400.294148 19.508923 12.819613 -0.000018 -0.874430
116262 405.899785 0.463991 -0.000049 400.258540 12.230968 18.168734 -0.000042 -0.814810
116436 405.827022 0.451223 -0.000006 400.236332 13.559810 22.501575 -0.000042 -0.894313
116607 405.735118 0.437814 0.000044 400.221167 16.334751 14.527219 -0.000020 -0.807531
116764 405.651002 0.426871 0.000045 400.179051 13.396734 12.997602 -0.000007 -0.864545
116934 405.575044 0.412749 0.000000 400.203765 15.026019 13.500438 -0.000052 -0.833474
117090 405.486281 0.400312 -0.000124 400.239669 5.264533 2.100824 -0.000022 -0.836513
117262 405.408649 0.388643 -0.000068 400.206667 11.078163 6.722538 -0.000022 -0.674556
117420 405.342231 0.378355 0.000038 400.191655 14.141779 16.521040 -0.000011 -0.697134
117592 405.272857 0.369843 0.000092 400.166990 13.597290 8.459830 -0.000014 -0.716742
117764 405.199742 0.360719 0.000092 400.139434 15.388638 10.378052 -0.000035 -0.681061
117934 405.129564 0.344542 0.000075 400.133572 8.717698 4.299624 0.000007 -0.684466
118092 405.062885 0.327782 0.000054 400.133016 3.742813 4.130950 -0.000020 -0.691217
118262 405.005481 0.314164 0.000024 400.116574 1.657736 -0.122960 -0.000021 -0.663225
118434 404.940214 0.306001 -0.000016 400.114765 -0.591875 -6.609781 0.000021 -0.636288
118607 404.871803 0.303302 -0.000061 400.120786 -1.414236 -1.522405 -0.000030 -0.682444
118778 404.797004 0.306149 -0.000132 400.154266 -5.017746 -7.187427 0.000020 -0.659115
118951 404.716883 0.315341 -0.000258 400.168900 -4.976581 -10.019754 0.000013 -0.683379
119124 404.651688 0.316256 -0.000249 400.173269 -0.188699 3.026535 -0.000033 -0.698892
119309 404.582344 0.317191 -0.000154 400.133681 10.386053 6.705301 -0.000001 -0.516180
119482 404.534369 0.317421 0.000295 400.148352 10.161725 15.899805 0.000011 -0.687753
119653 404.459956 0.317126 0.000354 400.130318 8.658445 0.353148 -0.000038 -0.689883
119825 404.396322 0.316561 0.000330 400.161672 7.428229 3.529116 -0.000019 -0.620006
119997 404.339174 0.316006 0.000123 400.166921 12.177894 4.283265 -0.000041 -0.625474
120152 404.281594 0.314779 0.000057 400.152253 11.210777 15.192343 -0.000019 -0.690563
120326 404.205354 0.310814 -0.000312 400.111598 8.614605 12.467576 0.000002 -0.519750
120497 404.151996 0.301166 -0.000315 400.099505 13.215479 12.595160 -0.000015 -0.553827
120653 404.089141 0.289243 -0.000144 400.048263 9.054361 -2.718633 -0.000006 -0.608083
120825 404.030121 0.263099 -0.000084 400.051196 10.573261 -0.797744 -0.000048 -0.548457
120997 403.980708 0.233511 -0.000005 400.066539 6.011478 -5.770061 -0.000004 -0.577742
121169 403.932660 0.211575 0.000341 400.073889 1.545089 -4.444633 -0.000011 -0.607244
121325 403.872796 0.201511 0.000324 400.060871 -4.195091 -6.273462 -0.000001 -0.592165
121497 403.814292 0.195656 0.000258 400.087478 -11.380262 -3.796523 -0.000064 -0.637328
121653 403.747043 0.195631 0.000042 400.124500 -4.796721 -6.754146 0.000014 -0.593986
121811 403.685560 0.198061 -0.000032 400.142107 -10.505358 -0.572089 -0.000050 -0.597503
121981 403.616265 0.200177 -0.000455 400.174537 -10.522922 -0.064611 -0.000001 -0.378052
122138 403.590283 0.203459 -0.000497 400.141894 -5.266041 8.394799 -0.000041 -0.406616
122309 403.549291 0.207682 -0.000282 400.128344 -1.011532 5.116615 0.000031 -0.277475
122466 403.520991 0.212248 -0.000202 400.110512 -1.143082 7.120798 -0.000030 -0.384683
122638 403.475323 0.217572 0.000346 400.089314 1.457596 6.031014 -0.000040 -0.352166
122810 403.444984 0.222906 0.000410 400.076011 -3.087380 -1.319929 -0.000047 -0.447992
122966 403.397330 0.228563 0.000383 400.059890 -2.400538 -1.366061 -0.000032 -0.423105
123138 403.360555 0.236111 0.000173 400.071779 -6.744603 -3.072457 -0.000014 -0.564853
123311 403.304428 0.245525 -0.000013 400.074487 -4.739650 -5.141579 -0.000024 -0.544691
123481 403.244393 0.255217 -0.000443 400.115426 -2.968605 -4.386262 -0.000021 -0.409551
123638 403.203924 0.264923 -0.000436 400.136626 -0.158949 -3.871948 -0.000019 -0.536771
123810 403.147292 0.275332 -0.000228 400.128419 6.486419 1.636598 0.000013 -0.388814
123967 403.118918 0.281666 -0.000161 400.128527 5.581983 6.342161 -0.000019 -0.269262
124138 403.089116 0.285678 0.000386 400.104849 8.821983 3.395313 0.000012 -0.416553
124309 403.052276 0.286643 0.000403 400.101964 7.822585 -0.204429 0.000001 -0.397263
124498 403.011310 0.286601 0.000370 400.086402 8.428177 3.599918 -0.000021 -0.426057
124669 402.962808 0.285393 0.000175 400.075591 7.816281 2.362680 0.000011 -0.334649
124824 402.933994 0.283868 0.000116 400.081144 9.072302 -1.492671 -0.000041 -0.431190
124997 402.887911 0.281659 -0.000344 400.098496 10.304417 -0.250886 -0.000013 -0.439660
125155 402.838306 0.278291 -0.000407 400.099119 7.296780 -4.002114 0.000016 -0.383991
125325 402.799921 0.273106 -0.000210 400.117785 8.873942 -1.057733 -0.000005 -0.468476
125497 402.751192 0.266139 -0.000129 400.106717 8.364541 -1.670669 0.000023 -0.301246
125654 402.729691 0.256597 0.000344 400.101336 12.116218 5.920868 -0.000049 -0.402067
125809 402.687398 0.246732 0.000340 400.114430 8.053851 5.468112 -0.000022 -0.429256
125981 402.645703 0.230105 0.000287 400.069627 3.554307 0.337808 -0.000009 -0.194257
126154 402.627343 0.227749 -0.000045 400.106350 1.980767 1.826337 0.000036 -0.085347
126324 402.618601 0.227256 -0.000284 400.104284 6.340786 -2.307276 -0.000037 -0.421009
126496 402.572787 0.207291 -0.000310 400.120516 4.091823 -1.595377 -0.000035 -0.153769
126668 402.558162 0.186443 -0.000168 400.116209 5.193463 -1.375793 0.000064 -0.331782
126826 402.523511 0.165070 -0.000137 400.127023 11.889596 1.540176 0.000053 -0.365406
126997 402.488469 0.141822 -0.000045 400.107623 8.153280 5.465971 0.000023 -0.276995
127186 402.461622 0.126661 0.000321 400.105403 5.517193 3.463127 -0.000032 -0.291232
